2 4 50 4
0.0 80
0.0 80
0.0 80
0.0 80
1 37.0 52.0 0 7 1 4 1 2 4 8
2 49.0 49.0 0 30 1 4 1 2 4 8
3 52.0 64.0 0 16 1 4 1 2 4 8
4 20.0 26.0 0 9 1 4 1 2 4 8
5 40.0 30.0 0 21 1 4 1 2 4 8
6 21.0 47.0 0 15 1 4 1 2 4 8
7 17.0 63.0 0 19 1 4 1 2 4 8
8 31.0 62.0 0 23 1 4 1 2 4 8
9 52.0 33.0 0 11 1 4 1 2 4 8
10 51.0 21.0 0 5 1 4 1 2 4 8
11 42.0 41.0 0 19 1 4 1 2 4 8
12 31.0 32.0 0 29 1 4 1 2 4 8
13 5.0 25.0 0 23 1 4 1 2 4 8
14 12.0 42.0 0 21 1 4 1 2 4 8
15 36.0 16.0 0 10 1 4 1 2 4 8
16 52.0 41.0 0 15 1 4 1 2 4 8
17 27.0 23.0 0 3 1 4 1 2 4 8
18 17.0 33.0 0 41 1 4 1 2 4 8
19 13.0 13.0 0 9 1 4 1 2 4 8
20 57.0 58.0 0 28 1 4 1 2 4 8
21 62.0 42.0 0 8 1 4 1 2 4 8
22 42.0 57.0 0 8 1 4 1 2 4 8
23 16.0 57.0 0 16 1 4 1 2 4 8
24 8.0 52.0 0 10 1 4 1 2 4 8
25 7.0 38.0 0 28 1 4 1 2 4 8
26 27.0 68.0 0 7 1 4 1 2 4 8
27 30.0 48.0 0 15 1 4 1 2 4 8
28 43.0 67.0 0 14 1 4 1 2 4 8
29 58.0 48.0 0 6 1 4 1 2 4 8
30 58.0 27.0 0 19 1 4 1 2 4 8
31 37.0 69.0 0 11 1 4 1 2 4 8
32 38.0 46.0 0 12 1 4 1 2 4 8
33 46.0 10.0 0 23 1 4 1 2 4 8
34 61.0 33.0 0 26 1 4 1 2 4 8
35 62.0 63.0 0 17 1 4 1 2 4 8
36 63.0 69.0 0 6 1 4 1 2 4 8
37 32.0 22.0 0 9 1 4 1 2 4 8
38 45.0 35.0 0 15 1 4 1 2 4 8
39 59.0 15.0 0 14 1 4 1 2 4 8
40 5.0 6.0 0 7 1 4 1 2 4 8
41 10.0 17.0 0 27 1 4 1 2 4 8
42 21.0 10.0 0 13 1 4 1 2 4 8
43 5.0 64.0 0 11 1 4 1 2 4 8
44 30.0 15.0 0 16 1 4 1 2 4 8
45 39.0 10.0 0 10 1 4 1 2 4 8
46 32.0 39.0 0 5 1 4 1 2 4 8
47 25.0 32.0 0 25 1 4 1 2 4 8
48 25.0 55.0 0 17 1 4 1 2 4 8
49 48.0 28.0 0 18 1 4 1 2 4 8
50 56.0 37.0 0 10 1 4 1 2 4 8
51 20.0 20.0 0 0 0 0
52 30.0 40.0 0 0 0 0
53 50.0 30.0 0 0 0 0
54 60.0 50.0 0 0 0 0
3.4028235E38 12.369317 19.209373 31.06445 22.203604 16.763054 22.825424 11.661903 24.207438 34.0147 12.083046 20.880613 41.868843 26.925823 36.013885 18.601076 30.675724 27.58623 45.79301 20.880613 26.925823 7.071068 21.587032 29.0 33.105892 18.867962 8.062258 16.155495 21.377558 32.649654 17.0 6.0827627 42.953465 30.610456 27.313 31.06445 30.413813 18.788294 43.046486 56.0357 44.20407 44.94441 34.176014 37.65634 42.047592 13.928389 23.323807 12.369317 26.400757 24.207438
12.369317 3.4028235E38 15.297058 37.01351 21.023796 28.071337 34.928497 22.203604 16.27882 28.071337 10.630146 24.758837 50.119858 37.65634 35.468296 8.5440035 34.058773 35.77709 50.91169 12.0415945 14.764823 10.630146 33.955853 41.109608 43.416588 29.068884 19.026299 18.973665 9.055386 23.769728 23.323807 11.401754 39.115215 20.0 19.104973 24.41311 31.906113 14.56022 35.44009 61.522354 50.447994 48.010414 46.486557 38.948685 40.261642 19.723083 29.410883 24.738634 21.023796 13.892444
19.209373 15.297058 3.4028235E38 49.67897 36.05551 35.35534 35.014282 21.095022 31.0 43.011627 25.079872 38.27532 61.073727 45.65085 50.596443 23.0 48.02083 46.75468 64.202805 7.81025 24.166092 12.206555 36.67424 45.607018 51.971146 25.317978 27.202942 9.486833 17.088007 37.48333 15.811388 22.803509 54.33231 32.280025 10.049875 12.083046 46.518814 29.832869 49.497475 74.65253 63.03174 62.26556 47.0 53.712196 55.542778 32.01562 41.868843 28.460499 36.221542 27.294687
31.06445 37.01351 49.67897 3.4028235E38 20.396078 21.023796 37.12142 37.64306 32.75668 31.400637 26.627054 12.529964 15.033297 17.888544 18.867962 35.341194 7.615773 7.615773 14.764823 48.9183 44.94441 38.013157 31.257 28.635643 17.691807 42.579338 24.166092 47.010635 43.908997 38.013157 46.238514 26.907248 30.528675 41.59327 55.97321 60.811184 12.649111 26.57066 40.5216 25.0 13.453624 16.03122 40.853397 14.866069 24.839485 17.691807 7.81025 29.427877 28.071337 37.64306
22.203604 21.023796 36.05551 20.396078 3.4028235E38 25.495098 40.22437 33.24154 12.369317 14.21267 11.18034 9.219544 35.35534 30.463093 14.56022 16.27882 14.764823 23.194826 31.906113 32.75668 25.059929 27.073973 36.124783 38.832977 33.955853 40.16217 20.59126 37.12142 25.455845 18.248287 39.115215 16.124516 20.880613 21.213203 39.661064 45.276924 11.313708 7.071068 24.207438 42.43819 32.695564 27.58623 48.79549 18.027756 20.024984 12.0415945 15.132746 29.15476 8.246211 17.464249
16.763054 28.071337 35.35534 21.023796 25.495098 3.4028235E38 16.492422 18.027756 34.0147 39.698868 21.84033 18.027756 27.202942 10.29563 34.43835 31.575306 24.738634 14.56022 34.928497 37.64306 41.303753 23.259407 11.18034 13.928389 16.643316 21.84033 9.055386 29.732138 37.01351 42.059483 27.202942 17.029387 44.65423 42.379242 44.011364 47.41308 27.313 26.832815 49.67897 44.011364 31.95309 37.0 23.345236 33.24154 41.14608 13.601471 15.524175 8.944272 33.01515 36.40055
22.825424 34.928497 35.014282 37.12142 40.22437 16.492422 3.4028235E38 14.035668 46.09772 54.037025 33.30165 34.0147 39.849716 21.587032 50.695168 41.340054 41.231056 30.0 50.159744 40.311287 49.658836 25.70992 6.0827627 14.21267 26.925823 11.18034 19.849434 26.305893 43.65776 54.56189 20.880613 27.018513 60.41523 53.25411 45.0 46.389652 43.65776 39.59798 63.780876 58.249462 46.52956 53.15073 12.0415945 49.729267 57.384666 28.301943 32.01562 11.313708 46.75468 46.872166
11.661903 22.203604 21.095022 37.64306 33.24154 18.027756 14.035668 3.4028235E38 35.805027 45.617977 23.70654 30.0 45.221676 27.58623 46.270943 29.698484 39.20459 32.202484 52.201534 26.305893 36.891735 12.083046 15.811388 25.079872 33.941124 7.2111025 14.035668 13.0 30.413813 44.20407 9.219544 17.464249 54.120235 41.725292 31.016125 32.75668 40.012497 30.413813 54.708317 61.741398 49.658836 52.95281 26.076809 47.010635 52.611786 23.021729 30.594116 9.219544 38.013157 35.35534
24.207438 16.27882 31.0 32.75668 12.369317 34.0147 46.09772 35.805027 3.4028235E38 12.0415945 12.806249 21.023796 47.67599 41.0 23.345236 8.0 26.925823 35.0 43.829212 25.495098 13.453624 26.0 43.266617 47.92703 45.276924 43.011627 26.627054 35.17101 16.155495 8.485281 39.0 19.104973 23.769728 9.0 31.622776 37.64306 22.825424 7.28011 19.313208 54.20332 44.94441 38.600517 56.302753 28.42534 26.41969 20.880613 27.018513 34.828148 6.4031243 5.656854
34.0147 28.071337 43.011627 31.400637 14.21267 39.698868 54.037025 45.617977 12.0415945 3.4028235E38 21.931713 22.825424 46.173584 44.294468 15.811388 20.024984 24.083189 36.05551 38.832977 37.48333 23.70654 37.107952 50.20956 53.009434 47.169907 52.773098 34.20526 46.69047 27.89265 9.219544 50.0 28.178005 12.083046 15.6205 43.416588 49.47727 19.026299 15.231546 10.0 48.38388 41.19466 31.95309 62.968246 21.84033 16.27882 26.172504 28.231188 42.80187 7.615773 16.763054
12.083046 10.630146 25.079872 26.627054 11.18034 21.84033 33.30165 23.70654 12.806249 21.931713 3.4028235E38 14.21267 40.311287 30.016663 25.70992 10.0 23.43075 26.24881 40.311287 22.671568 20.024984 16.0 30.528675 35.735138 35.128338 30.88689 13.892444 26.019224 17.464249 21.260292 28.442924 6.4031243 31.257 20.615528 29.732138 35.0 21.470911 6.708204 31.06445 50.931328 40.0 37.44329 43.56604 28.635643 31.144823 10.198039 19.235384 22.022715 14.3178215 14.56022
20.880613 24.758837 38.27532 12.529964 9.219544 18.027756 34.0147 30.0 21.023796 22.825424 14.21267 3.4028235E38 26.925823 21.470911 16.763054 22.847319 9.848858 14.035668 26.172504 36.769554 32.572994 27.313 29.15476 30.479502 24.738634 36.221542 16.03122 37.0 31.38471 27.45906 37.48333 15.652476 26.627054 30.016663 43.840622 48.9183 10.049875 14.3178215 32.75668 36.769554 25.806976 24.166092 41.231056 17.029387 23.409399 7.071068 6.0 23.769728 17.464249 25.495098
41.868843 50.119858 61.073727 15.033297 35.35534 27.202942 39.849716 45.221676 47.67599 46.173584 40.311287 26.925823 3.4028235E38 18.384777 32.280025 49.648766 22.090721 14.422205 14.422205 61.587337 59.48109 48.9183 33.83785 27.166155 13.152946 48.30114 33.970577 56.63921 57.77543 53.037724 54.405884 39.115215 43.65776 56.568542 68.50548 72.8011 27.166155 41.231056 54.91812 19.0 9.433981 21.931713 39.0 26.925823 37.161808 30.413813 21.189621 36.05551 43.104523 52.392746
26.925823 37.65634 45.65085 17.888544 30.463093 10.29563 21.587032 27.58623 41.0 44.294468 30.016663 21.470911 18.384777 3.4028235E38 35.383614 40.012497 24.207438 10.29563 29.017237 47.759815 50.0 33.54102 15.524175 10.770329 6.4031243 30.016663 18.973665 39.824615 46.389652 48.38388 36.796738 26.305893 46.69047 49.819675 54.230988 57.706154 28.284271 33.734257 54.20332 36.67424 25.079872 33.24154 23.086792 32.449963 41.868843 20.22375 16.40122 18.384777 38.626415 44.28318
36.013885 35.468296 50.596443 18.867962 14.56022 34.43835 50.695168 46.270943 23.345236 15.811388 25.70992 16.763054 32.280025 35.383614 3.4028235E38 29.681644 11.401754 25.495098 23.194826 46.957428 36.769554 41.4367 45.617977 45.607018 36.40055 52.773098 32.55764 51.47815 38.832977 24.596748 53.009434 30.066593 11.661903 30.232433 53.712196 59.48109 7.2111025 21.023796 23.021729 32.572994 26.019224 16.155495 57.14018 6.0827627 6.708204 23.345236 19.416489 40.5216 16.970562 29.0
18.601076 8.5440035 23.0 35.341194 16.27882 31.575306 41.340054 29.698484 8.0 20.024984 10.0 22.847319 49.648766 40.012497 29.681644 3.4028235E38 30.805843 35.902645 48.010414 17.720045 10.049875 18.867962 39.39543 45.35416 45.099888 36.796738 23.086792 27.513634 9.219544 15.231546 31.764761 14.866069 31.575306 12.0415945 24.166092 30.083218 27.58623 9.219544 26.925823 58.60034 48.373547 43.840622 52.3259 34.058773 33.61547 20.09975 28.460499 30.413813 13.601471 5.656854
30.675724 34.058773 48.02083 7.615773 14.764823 24.738634 41.231056 39.20459 26.925823 24.083189 23.43075 9.848858 22.090721 24.207438 11.401754 30.805843 3.4028235E38 14.142136 17.20465 46.09772 39.824615 37.161808 35.735138 34.669872 25.0 45.0 25.179358 46.818798 39.824615 31.257 47.07441 25.495098 23.021729 35.44009 53.15073 58.412327 5.0990195 21.633308 32.984844 27.802877 18.027756 14.3178215 46.52956 8.5440035 17.691807 16.763054 9.219544 32.06244 21.587032 32.202484
27.58623 35.77709 46.75468 7.615773 23.194826 14.56022 30.0 32.202484 35.0 36.05551 26.24881 14.035668 14.422205 10.29563 25.495098 35.902645 14.142136 3.4028235E38 20.396078 47.169907 45.891174 34.655445 24.020824 21.023796 11.18034 36.40055 19.849434 42.80187 43.65776 41.4367 41.18252 24.698177 37.01351 44.0 54.08327 58.412327 18.601076 28.071337 45.694637 29.546574 17.464249 23.345236 33.24154 22.203604 31.827662 16.155495 8.062258 23.409399 31.400637 39.20459
45.79301 50.91169 64.202805 14.764823 31.906113 34.928497 50.159744 52.201534 43.829212 38.832977 40.311287 26.172504 14.422205 29.017237 23.194826 48.010414 17.20465 20.396078 3.4028235E38 62.936478 56.938564 52.69725 44.102154 39.319206 25.70992 56.753853 38.910152 61.77378 57.00877 47.127487 60.926186 41.400482 33.13608 52.0 70.00714 75.073296 21.023796 38.832977 46.043457 10.630146 5.0 8.5440035 51.62364 17.117243 26.172504 32.202484 22.472204 43.68066 38.078865 49.24429
20.880613 12.0415945 7.81025 48.9183 32.75668 37.64306 40.311287 26.305893 25.495098 37.48333 22.671568 36.769554 61.587337 47.759815 46.957428 17.720045 46.09772 47.169907 62.936478 3.4028235E38 16.763054 15.033297 41.01219 49.365982 53.851646 31.622776 28.79236 16.643316 10.049875 31.016125 22.825424 22.472204 49.24429 25.317978 7.071068 12.529964 43.829212 25.942244 43.046486 73.53911 62.369865 60.0 52.34501 50.77401 51.264023 31.400637 41.231056 32.140316 31.320919 21.023796
26.925823 14.764823 24.166092 44.94441 25.059929 41.303753 49.658836 36.891735 13.453624 23.70654 20.024984 32.572994 59.48109 50.0 36.769554 10.049875 39.824615 45.891174 56.938564 16.763054 3.4028235E38 25.0 48.38388 54.91812 55.145264 43.60046 32.55764 31.400637 7.2111025 15.524175 36.796738 24.33105 35.77709 9.055386 21.0 27.018513 36.05551 18.384777 27.166155 67.41662 57.697487 52.009613 61.09828 41.868843 39.40812 30.149628 38.327538 39.217342 19.79899 7.81025
7.071068 10.630146 12.206555 38.013157 27.073973 23.259407 25.70992 12.083046 26.0 37.107952 16.0 27.313 48.9183 33.54102 41.4367 18.867962 37.161808 34.655445 52.69725 15.033297 25.0 3.4028235E38 26.0 34.36568 39.824615 18.601076 15.0 10.049875 18.35756 34.0 13.0 11.7046995 47.169907 30.610456 20.880613 24.186773 36.40055 22.203604 45.310043 63.007935 51.224995 51.47815 37.65634 43.68066 47.095646 20.59126 30.232433 17.117243 29.614185 24.41311
21.587032 33.955853 36.67424 31.257 36.124783 11.18034 6.0827627 15.811388 43.266617 50.20956 30.528675 29.15476 33.83785 15.524175 45.617977 39.39543 35.735138 24.020824 44.102154 41.01219 48.38388 26.0 3.4028235E38 9.433981 21.023796 15.556349 16.643316 28.79236 42.953465 51.613953 24.186773 24.596748 55.758408 51.0 46.389652 48.507732 38.483765 36.40055 60.108234 52.17279 40.4475 47.26521 13.038404 44.27189 52.3259 24.083189 26.57066 9.219544 43.185646 44.72136
29.0 41.109608 45.607018 28.635643 38.832977 13.928389 14.21267 25.079872 47.92703 53.009434 35.735138 30.479502 27.166155 10.770329 45.607018 45.35416 34.669872 21.023796 39.319206 49.365982 54.91812 34.36568 9.433981 3.4028235E38 14.035668 24.839485 22.36068 38.078865 50.159744 55.9017 33.61547 30.594116 56.63921 56.302753 55.108982 57.567352 38.418747 40.718548 63.007935 46.09772 35.057095 43.965897 12.369317 43.046486 52.201534 27.294687 26.24881 17.262676 46.647614 50.289165
33.105892 43.416588 51.971146 17.691807 33.955853 16.643316 26.925823 33.941124 45.276924 47.169907 35.128338 24.738634 13.152946 6.4031243 36.40055 45.099888 25.0 11.18034 25.70992 53.851646 55.145264 39.824615 21.023796 14.035668 3.4028235E38 36.05551 25.079872 46.227695 51.971146 52.17279 43.13931 32.01562 48.010414 54.230988 60.41523 64.00781 29.681644 38.118237 56.859474 32.06244 21.213203 31.304953 26.076809 32.526913 42.520584 25.019993 18.973665 24.758837 42.201897 49.010204
18.867962 29.068884 25.317978 42.579338 40.16217 21.84033 11.18034 7.2111025 43.011627 52.773098 30.88689 36.221542 48.30114 30.016663 52.773098 36.796738 45.0 36.40055 56.753853 31.622776 43.60046 18.601076 15.556349 24.839485 36.05551 3.4028235E38 20.22375 16.03122 36.891735 51.40039 10.049875 24.596748 61.03278 48.79549 35.35534 36.013885 46.270943 37.589893 61.91123 65.78754 53.75872 58.30952 22.36068 53.08484 59.22837 29.427877 36.05551 13.152946 45.17743 42.44997
8.062258 19.026299 27.202942 24.166092 20.59126 9.055386 19.849434 14.035668 26.627054 34.20526 13.892444 16.03122 33.970577 18.973665 32.55764 23.086792 25.179358 19.849434 38.910152 28.79236 32.55764 15.0 16.643316 22.36068 25.079872 20.22375 3.4028235E38 23.021729 28.0 35.0 22.135944 8.246211 41.231056 34.43835 35.341194 39.115215 26.076809 19.849434 43.931767 48.8774 36.891735 39.051247 29.681644 33.0 39.051247 9.219544 16.763054 8.602325 26.907248 28.231188
16.155495 18.973665 9.486833 47.010635 37.12142 29.732138 26.305893 13.0 35.17101 46.69047 26.019224 37.0 56.63921 39.824615 51.47815 27.513634 46.818798 42.80187 61.77378 16.643316 31.400637 10.049875 28.79236 38.078865 46.227695 16.03122 23.021729 3.4028235E38 24.207438 42.72002 6.3245554 21.587032 57.07889 38.470768 19.416489 20.09975 46.32494 32.06244 54.405884 71.867935 59.908264 61.09828 38.118237 53.600372 57.14018 30.083218 39.357338 21.633308 39.319206 32.695564
21.377558 9.055386 17.088007 43.908997 25.455845 37.01351 43.65776 30.413813 16.155495 27.89265 17.464249 31.38471 57.77543 46.389652 38.832977 9.219544 39.824615 43.65776 57.00877 10.049875 7.2111025 18.35756 42.953465 50.159744 51.971146 36.891735 28.0 24.207438 3.4028235E38 21.0 29.698484 20.09975 39.849716 15.297058 15.524175 21.587032 36.769554 18.384777 33.01515 67.62396 57.14018 53.037724 55.362442 43.27817 42.48529 27.513634 36.67424 33.734257 22.36068 11.18034
32.649654 23.769728 37.48333 38.013157 18.248287 42.059483 54.56189 44.20407 8.485281 9.219544 21.260292 27.45906 53.037724 48.38388 24.596748 15.231546 31.257 41.4367 47.127487 31.016125 15.524175 34.0 51.613953 55.9017 52.17279 51.40039 35.0 42.72002 21.0 3.4028235E38 46.957428 27.58623 20.808653 6.708204 36.221542 42.296574 26.476404 15.264338 12.0415945 57.00877 49.0306 40.718548 64.63745 30.463093 25.495098 28.635643 33.37664 43.27817 10.049875 10.198039
17.0 23.323807 15.811388 46.238514 39.115215 27.202942 20.880613 9.219544 39.0 50.0 28.442924 37.48333 54.405884 36.796738 53.009434 31.764761 47.07441 41.18252 60.926186 22.825424 36.796738 13.0 24.186773 33.61547 43.13931 10.049875 22.135944 6.3245554 29.698484 46.957428 3.4028235E38 23.021729 59.682495 43.266617 25.70992 26.0 47.26521 34.928497 58.30952 70.66116 58.59181 61.13101 32.38827 54.451813 59.03389 30.413813 38.8973 18.439089 42.44997 37.215588
6.0827627 11.401754 22.803509 26.907248 16.124516 17.029387 27.018513 17.464249 19.104973 28.178005 6.4031243 15.652476 39.115215 26.305893 30.066593 14.866069 25.495098 24.698177 41.400482 22.472204 24.33105 11.7046995 24.596748 30.594116 32.01562 24.596748 8.246211 21.587032 20.09975 27.58623 23.021729 3.4028235E38 36.878178 26.41969 29.410883 33.970577 24.738634 13.038404 37.44329 51.855568 40.311287 39.812057 37.589893 32.01562 36.013885 9.219544 19.104973 15.811388 20.59126 20.12461
42.953465 39.115215 54.33231 30.528675 20.880613 44.65423 60.41523 54.120235 23.769728 12.083046 31.257 26.627054 43.65776 46.69047 11.661903 31.575306 23.021729 37.01351 33.13608 49.24429 35.77709 47.169907 55.758408 56.63921 48.010414 61.03278 41.231056 57.07889 39.849716 20.808653 59.682495 36.878178 3.4028235E38 27.45906 55.362442 61.400326 18.439089 25.019993 13.928389 41.19466 36.67424 25.0 67.80118 16.763054 7.0 32.202484 30.413813 49.658836 18.110771 28.79236
30.610456 20.0 32.280025 41.59327 21.213203 42.379242 53.25411 41.725292 9.0 15.6205 20.615528 30.016663 56.568542 49.819675 30.232433 12.0415945 35.44009 44.0 52.0 25.317978 9.055386 30.610456 51.0 56.302753 54.230988 48.79549 34.43835 38.470768 15.297058 6.708204 43.266617 26.41969 27.45906 3.4028235E38 30.016663 36.05551 31.016125 16.124516 18.110771 62.169125 53.450912 46.141087 64.00781 35.846897 31.827662 29.614185 36.013885 42.190044 13.928389 6.4031243
27.313 19.104973 10.049875 55.97321 39.661064 44.011364 45.0 31.016125 31.622776 43.416588 29.732138 43.840622 68.50548 54.230988 53.712196 24.166092 53.15073 54.08327 70.00714 7.071068 21.0 20.880613 46.389652 55.108982 60.41523 35.35534 35.341194 19.416489 15.524175 36.221542 25.70992 29.410883 55.362442 30.016663 3.4028235E38 6.0827627 50.803543 32.75668 48.09366 80.610176 69.426216 67.00746 57.00877 57.68882 57.77543 38.418747 48.270073 37.85499 37.696156 26.683329
31.06445 24.41311 12.083046 60.811184 45.276924 47.41308 46.389652 32.75668 37.64306 49.47727 35.0 48.9183 72.8011 57.706154 59.48109 30.083218 58.412327 58.412327 75.073296 12.529964 27.018513 24.186773 48.507732 57.567352 64.00781 36.013885 39.115215 20.09975 21.587032 42.296574 26.0 33.970577 61.400326 36.05551 6.0827627 3.4028235E38 56.302753 38.470768 54.147945 85.632935 74.24958 72.42237 58.21512 63.28507 63.694584 43.13931 53.037724 40.496914 43.65776 32.75668
30.413813 31.906113 46.518814 12.649111 11.313708 27.313 43.65776 40.012497 22.825424 19.026299 21.470911 10.049875 27.166155 28.284271 7.2111025 27.58623 5.0990195 18.601076 21.023796 43.829212 36.05551 36.40055 38.483765 38.418747 29.681644 46.270943 26.076809 46.32494 36.769554 26.476404 47.26521 24.738634 18.439089 31.016125 50.803543 56.302753 3.4028235E38 18.384777 27.89265 31.38471 22.561028 16.27882 49.92995 7.28011 13.892444 17.0 12.206555 33.734257 17.088007 28.301943
18.788294 14.56022 29.832869 26.57066 7.071068 26.832815 39.59798 30.413813 7.28011 15.231546 6.708204 14.3178215 41.231056 33.734257 21.023796 9.219544 21.633308 28.071337 38.832977 25.942244 18.384777 22.203604 36.40055 40.718548 38.118237 37.589893 19.849434 32.06244 18.384777 15.264338 34.928497 13.038404 25.019993 16.124516 32.75668 38.470768 18.384777 3.4028235E38 24.41311 49.40648 39.357338 34.655445 49.40648 25.0 25.70992 13.601471 20.22375 28.284271 7.615773 11.18034
43.046486 35.44009 49.497475 40.5216 24.207438 49.67897 63.780876 54.708317 19.313208 10.0 31.06445 32.75668 54.91812 54.20332 23.021729 26.925823 32.984844 45.694637 46.043457 43.046486 27.166155 45.310043 60.108234 63.007935 56.859474 61.91123 43.931767 54.405884 33.01515 12.0415945 58.30952 37.44329 13.928389 18.110771 48.09366 54.147945 27.89265 24.41311 3.4028235E38 54.74486 49.0408 38.327538 72.91776 29.0 20.615528 36.124783 38.013157 52.49762 17.029387 22.203604
56.0357 61.522354 74.65253 25.0 42.43819 44.011364 58.249462 61.741398 54.20332 48.38388 50.931328 36.769554 19.0 36.67424 32.572994 58.60034 27.802877 29.546574 10.630146 73.53911 67.41662 63.007935 52.17279 46.09772 32.06244 65.78754 48.8774 71.867935 67.62396 57.00877 70.66116 51.855568 41.19466 62.169125 80.610176 85.632935 31.38471 49.40648 54.74486 3.4028235E38 12.083046 16.492422 58.0 26.57066 34.234486 42.638012 32.80244 52.924473 48.30114 59.682495
44.20407 50.447994 63.03174 13.453624 32.695564 31.95309 46.52956 49.658836 44.94441 41.19466 40.0 25.806976 9.433981 25.079872 26.019224 48.373547 18.027756 17.464249 5.0 62.369865 57.697487 51.224995 40.4475 35.057095 21.213203 53.75872 36.891735 59.908264 57.14018 49.0306 58.59181 40.311287 36.67424 53.450912 69.426216 74.24958 22.561028 39.357338 49.0408 12.083046 3.4028235E38 13.038404 47.26521 20.09975 29.832869 31.112698 21.213203 40.853397 39.56008 50.159744
44.94441 48.010414 62.26556 16.03122 27.58623 37.0 53.15073 52.95281 38.600517 31.95309 37.44329 24.166092 21.931713 33.24154 16.155495 43.840622 14.3178215 23.345236 8.5440035 60.0 52.009613 51.47815 47.26521 43.965897 31.304953 58.30952 39.051247 61.09828 53.037724 40.718548 61.13101 39.812057 25.0 46.141087 67.00746 72.42237 16.27882 34.655445 38.327538 16.492422 13.038404 3.4028235E38 56.32051 10.29563 18.0 31.016125 22.36068 45.17743 32.449963 44.20407
34.176014 46.486557 47.0 40.853397 48.79549 23.345236 12.0415945 26.076809 56.302753 62.968246 43.56604 41.231056 39.0 23.086792 57.14018 52.3259 46.52956 33.24154 51.62364 52.34501 61.09828 37.65634 13.038404 12.369317 26.076809 22.36068 29.681644 38.118237 55.362442 64.63745 32.38827 37.589893 67.80118 64.00781 57.00877 58.21512 49.92995 49.40648 72.91776 58.0 47.26521 56.32051 3.4028235E38 55.00909 63.812225 36.796738 37.735924 21.931713 56.0803 57.706154
37.65634 38.948685 53.712196 14.866069 18.027756 33.24154 49.729267 47.010635 28.42534 21.84033 28.635643 17.029387 26.925823 32.449963 6.0827627 34.058773 8.5440035 22.203604 17.117243 50.77401 41.868843 43.68066 44.27189 43.046486 32.526913 53.08484 33.0 53.600372 43.27817 30.463093 54.451813 32.01562 16.763054 35.846897 57.68882 63.28507 7.28011 25.0 29.0 26.57066 20.09975 10.29563 55.00909 3.4028235E38 10.29563 24.083189 17.720045 40.311287 22.203604 34.058773
42.047592 40.261642 55.542778 24.839485 20.024984 41.14608 57.384666 52.611786 26.41969 16.27882 31.144823 23.409399 37.161808 41.868843 6.708204 33.61547 17.691807 31.827662 26.172504 51.264023 39.40812 47.095646 52.3259 52.201534 42.520584 59.22837 39.051247 57.14018 42.48529 25.495098 59.03389 36.013885 7.0 31.827662 57.77543 63.694584 13.892444 25.70992 20.615528 34.234486 29.832869 18.0 63.812225 10.29563 3.4028235E38 29.832869 26.076809 47.127487 20.12461 31.906113
13.928389 19.723083 32.01562 17.691807 12.0415945 13.601471 28.301943 23.021729 20.880613 26.172504 10.198039 7.071068 30.413813 20.22375 23.345236 20.09975 16.763054 16.155495 32.202484 31.400637 30.149628 20.59126 24.083189 27.294687 25.019993 29.427877 9.219544 30.083218 27.513634 28.635643 30.413813 9.219544 32.202484 29.614185 38.418747 43.13931 17.0 13.601471 36.124783 42.638012 31.112698 31.016125 36.796738 24.083189 29.832869 3.4028235E38 9.899495 17.464249 19.416489 24.083189
23.323807 29.410883 41.868843 7.81025 15.132746 15.524175 32.01562 30.594116 27.018513 28.231188 19.235384 6.0 21.189621 16.40122 19.416489 28.460499 9.219544 8.062258 22.472204 41.231056 38.327538 30.232433 26.57066 26.24881 18.973665 36.05551 16.763054 39.357338 36.67424 33.37664 38.8973 19.104973 30.413813 36.013885 48.270073 53.037724 12.206555 20.22375 38.013157 32.80244 21.213203 22.36068 37.735924 17.720045 26.076809 9.899495 3.4028235E38 23.0 23.345236 31.400637
12.369317 24.738634 28.460499 29.427877 29.15476 8.944272 11.313708 9.219544 34.828148 42.80187 22.022715 23.769728 36.05551 18.384777 40.5216 30.413813 32.06244 23.409399 43.68066 32.140316 39.217342 17.117243 9.219544 17.262676 24.758837 13.152946 8.602325 21.633308 33.734257 43.27817 18.439089 15.811388 49.658836 42.190044 37.85499 40.496914 33.734257 28.284271 52.49762 52.924473 40.853397 45.17743 21.931713 40.311287 47.127487 17.464249 23.0 3.4028235E38 35.468296 35.846897
26.400757 21.023796 36.221542 28.071337 8.246211 33.01515 46.75468 38.013157 6.4031243 7.615773 14.3178215 17.464249 43.104523 38.626415 16.970562 13.601471 21.587032 31.400637 38.078865 31.320919 19.79899 29.614185 43.185646 46.647614 42.201897 45.17743 26.907248 39.319206 22.36068 10.049875 42.44997 20.59126 18.110771 13.928389 37.696156 43.65776 17.088007 7.615773 17.029387 48.30114 39.56008 32.449963 56.0803 22.203604 20.12461 19.416489 23.345236 35.468296 3.4028235E38 12.0415945
24.207438 13.892444 27.294687 37.64306 17.464249 36.40055 46.872166 35.35534 5.656854 16.763054 14.56022 25.495098 52.392746 44.28318 29.0 5.656854 32.202484 39.20459 49.24429 21.023796 7.81025 24.41311 44.72136 50.289165 49.010204 42.44997 28.231188 32.695564 11.18034 10.198039 37.215588 20.12461 28.79236 6.4031243 26.683329 32.75668 28.301943 11.18034 22.203604 59.682495 50.159744 44.20407 57.706154 34.058773 31.906113 24.083189 31.400637 35.846897 12.0415945 3.4028235E38
36.23534 41.01219 54.405884 6.0 22.36068 27.018513 43.104523 43.416588 34.539833 31.016125 30.413813 16.27882 15.811388 23.409399 16.492422 38.27532 7.615773 13.341664 9.899495 53.037724 47.41308 43.046486 37.215588 34.176014 22.203604 48.507732 29.732138 52.3259 47.201694 38.63936 51.86521 31.622776 27.856777 43.011627 60.108234 65.192024 12.165525 29.15476 39.319206 20.518284 10.440307 10.049875 46.486557 11.18034 21.470911 22.472204 13.0 35.35534 29.12044 39.812057
13.892444 21.023796 32.55764 17.20465 14.142136 11.401754 26.41969 22.022715 23.086792 28.319605 12.0415945 8.062258 29.15476 18.110771 24.738634 22.022715 17.262676 14.764823 31.906113 32.449963 32.06244 20.808653 22.022715 25.059929 23.086792 28.160255 8.0 29.966648 29.12044 30.870699 29.832869 10.0 34.0 31.780497 39.40812 43.931767 18.110771 15.811388 38.28838 42.201897 30.479502 31.320919 34.655445 25.0 31.320919 2.236068 9.433981 15.811388 21.633308 26.172504
25.553865 19.026299 34.058773 30.265491 10.0 33.61547 46.66905 37.215588 3.6055512 9.055386 13.601471 19.104973 45.276924 39.849716 19.79899 11.18034 24.04163 33.13608 40.718548 28.86174 16.970562 28.160255 43.416588 47.41308 43.737854 44.418465 26.907248 37.65634 19.697716 8.5440035 41.109608 20.0 20.396078 11.401754 35.1141 41.109608 19.697716 7.071068 17.492855 51.0 42.059483 35.22783 56.400356 25.0 22.825424 20.12461 25.079872 35.35534 2.828427 9.219544
23.086792 11.045361 16.124516 46.647614 28.284271 39.115215 44.922153 31.38471 18.788294 30.364452 20.12461 34.132095 60.41523 48.6621 41.617306 12.0415945 42.638012 46.238514 59.816387 8.5440035 8.246211 19.313208 44.553337 52.03845 54.34151 37.589893 30.066593 24.04163 2.828427 23.086792 29.832869 22.36068 42.379242 17.029387 13.152946 19.235384 39.59798 21.213203 35.014282 70.434364 59.908264 55.86591 56.753853 46.09772 45.17743 30.083218 39.357338 35.35534 25.059929 13.601471